1,1,0,0,3,mask1,mask2,mask4,mask1,mask4,1,shape6,0,90,1,0,0,12,14,10,shape16,0,90,0,1,0,13,10,17,shape11,0,90,0,1,0,11,14,16
1,2,0,0,3,mask1,mask2,mask3,mask4,mask3,125,,shape7,0,90,1,0,0,19,12,16,shape17,0,90,0,1,0,17,14,11,shape14,0,90,0,1,0,19,17,16
1,3,0,0,3,mask3,mask2,mask1,mask3,mask1,125,,shape15,0,90,1,0,0,11,19,11,shape17,0,90,0,1,0,14,19,17,shape15,0,90,0,1,0,17,18,15
2,1,0,0,3,mask4,mask5,mask1,mask5,mask3,125,,shape13,0,90,0,1,0,10,15,17,shape7,0,90,1,0,0,14,17,17,shape16,0,90,0,1,0,17,12,14
2,2,0,0,3,mask4,mask1,mask2,mask2,mask1,125,,shape8,0,90,0,1,0,11,15,10,shape6,0,90,1,0,0,18,13,15,shape10,0,90,0,1,0,17,15,19
2,3,0,0,3,mask4,mask5,mask3,mask1,mask1,125,,shape13,0,90,1,0,0,10,17,17,shape6,0,90,0,1,0,17,16,12,shape17,0,90,0,1,0,15,10,13
3,1,0,0,3,mask5,mask5,mask4,mask2,mask5,125,,shape7,0,90,1,0,0,14,10,13,shape17,0,90,0,1,0,14,16,13,shape9,0,90,0,1,0,18,12,11
3,2,0,0,3,mask4,mask2,mask4,mask4,mask5,125,,shape18,0,90,0,1,0,11,19,10,shape18,0,90,0,1,0,11,18,14,shape1,0,90,1,0,0,11,15,15
3,3,0,0,3,mask1,mask5,mask5,mask2,mask1,125,,shape15,0,90,0,1,0,15,10,14,shape12,0,90,1,0,0,18,15,12,shape15,0,90,0,1,0,12,15,13
4,1,0,0,3,mask2,mask2,mask4,mask2,mask5,125,,shape5,0,90,1,0,0,18,14,18,shape8,0,90,0,1,0,19,13,13,shape16,0,90,0,1,0,11,13,15
4,2,0,0,3,mask3,mask3,mask5,mask5,mask1,125,,shape10,0,90,1,0,0,16,11,13,shape8,0,90,0,1,0,12,12,13,shape11,0,90,0,1,0,16,15,12
4,3,0,0,3,mask1,mask3,mask3,mask4,mask5,125,,shape16,0,90,0,1,0,13,19,10,shape15,0,90,1,0,0,19,11,10,shape14,0,90,0,1,0,19,17,13
5,1,0,0,3,mask5,mask4,mask3,mask4,mask4,125,,shape2,0,90,1,0,0,16,18,18,shape12,0,90,0,1,0,10,10,10,shape3,0,90,0,1,0,14,13,13
5,2,0,0,3,mask5,mask2,mask1,mask3,mask4,125,,shape13,0,90,0,1,0,10,18,15,shape7,0,90,1,0,0,19,16,18,shape2,0,90,0,1,0,19,18,16
5,3,0,0,3,mask4,mask3,mask4,mask3,mask1,125,,shape13,0,90,0,1,0,13,16,10,shape7,0,90,0,1,0,16,15,12,shape16,0,90,1,0,0,13,13,15
6,1,0,0,3,mask2,mask1,mask5,mask4,mask2,125,,shape17,0,90,1,0,0,16,14,17,shape9,0,90,0,1,0,13,16,17,shape8,0,90,0,1,0,13,11,11
6,2,0,0,3,mask1,mask4,mask3,mask1,mask4,125,,shape12,0,90,1,0,0,13,14,12,shape17,0,90,0,1,0,11,17,13,shape4,0,90,0,1,0,12,13,14
6,3,0,0,3,mask1,mask2,mask5,mask2,mask4,125,,shape1,0,90,0,1,0,18,13,15,shape14,0,90,1,0,0,11,11,12,shape11,0,90,0,1,0,19,12,14
7,1,0,0,3,mask5,mask1,mask4,mask4,mask2,125,,shape8,0,90,0,1,0,14,14,19,shape14,0,90,1,0,0,16,11,12,shape4,0,90,0,1,0,13,11,13
7,2,0,0,3,mask5,mask1,mask4,mask1,mask3,125,,shape7,0,90,1,0,0,16,14,17,shape13,0,90,0,1,0,19,11,10,shape18,0,90,0,1,0,12,11,16
7,3,0,0,3,mask3,mask2,mask2,mask5,mask4,125,,shape5,0,90,1,0,0,14,12,17,shape7,0,90,0,1,0,12,11,12,shape10,0,90,0,1,0,15,14,14
8,1,0,0,3,mask5,mask3,mask5,mask3,mask4,125,,shape18,0,90,1,0,0,14,13,19,shape1,0,90,0,1,0,18,11,19,shape11,0,90,0,1,0,17,12,10
8,2,0,0,3,mask5,mask5,mask2,mask2,mask4,125,,shape2,0,90,1,0,0,17,16,10,shape5,0,90,0,1,0,18,14,17,shape3,0,90,0,1,0,18,15,17
8,3,0,0,3,mask1,mask4,mask2,mask4,mask5,125,,shape11,0,90,1,0,0,11,16,15,shape7,0,90,0,1,0,16,18,16,shape10,0,90,0,1,0,10,13,11
9,1,0,0,3,mask1,mask4,mask1,mask4,mask2,125,,shape18,0,90,1,0,0,16,18,16,shape10,0,90,0,1,0,12,16,11,shape6,0,90,0,1,0,19,11,15
9,2,0,0,3,mask4,mask1,mask2,mask2,mask3,125,,shape18,0,90,0,1,0,15,10,16,shape12,0,90,0,1,0,13,16,14,shape1,0,90,1,0,0,17,18,16
9,3,0,0,3,mask3,mask1,mask3,mask3,mask4,125,,shape16,0,90,0,1,0,14,15,18,shape2,0,90,0,1,0,16,12,18,shape17,0,90,1,0,0,10,13,18
10,1,0,0,3,mask3,mask2,mask5,mask2,mask4,25,1,shape14,0,90,0,1,0,10,13,15,shape13,0,90,1,0,0,13,11,16,shape13,0,90,0,1,0,16,19,13
10,2,0,0,3,mask1,mask4,mask4,mask5,mask5,25,1,shape12,0,90,1,0,0,16,14,12,shape17,0,90,0,1,0,12,15,15,shape6,0,90,0,1,0,17,15,18
10,3,0,0,3,mask2,mask5,mask4,mask3,mask3,25,1,shape2,0,90,0,1,0,13,18,17,shape14,0,90,0,1,0,17,18,16,shape6,0,90,1,0,0,19,10,14
11,1,0,0,3,mask1,mask5,mask1,mask4,mask2,25,1,shape18,0,90,0,1,0,13,11,13,shape12,0,90,0,1,0,13,19,16,shape8,0,90,1,0,0,18,18,18
11,2,0,0,3,mask2,mask1,mask4,mask4,mask3,25,1,shape14,0,90,1,0,0,11,18,10,shape10,0,90,0,1,0,11,14,14,shape5,0,90,0,1,0,14,11,17
11,3,0,0,3,mask2,mask5,mask2,mask2,mask4,25,1,shape13,0,90,0,1,0,11,12,10,shape3,0,90,0,1,0,10,15,12,shape11,0,90,1,0,0,11,19,17
12,1,0,0,3,mask2,mask3,mask3,mask1,mask5,25,1,shape8,0,90,0,1,0,10,13,15,shape13,0,90,0,1,0,11,17,10,shape9,0,90,1,0,0,13,12,16
12,2,0,0,3,mask1,mask1,mask2,mask2,mask1,25,1,shape7,0,90,1,0,0,18,19,11,shape7,0,90,0,1,0,15,15,14,shape14,0,90,0,1,0,14,11,15
12,3,0,0,3,mask2,mask4,mask1,mask4,mask5,25,1,shape7,0,90,1,0,0,16,12,10,shape12,0,90,0,1,0,15,17,10,shape11,0,90,0,1,0,16,14,12
13,1,0,0,3,mask3,mask2,mask2,mask2,mask1,25,1,shape6,0,90,1,0,0,18,14,18,shape11,0,90,0,1,0,17,10,12,shape9,0,90,0,1,0,17,19,10
13,2,0,0,3,mask3,mask2,mask4,mask4,mask4,25,1,shape8,0,90,0,1,0,16,15,14,shape15,0,90,0,1,0,12,14,17,shape17,0,90,1,0,0,10,18,19
13,3,0,0,3,mask1,mask3,mask1,mask5,mask1,25,1,shape13,0,90,0,1,0,16,10,18,shape15,0,90,0,1,0,18,19,15,shape4,0,90,1,0,0,10,17,12
14,1,0,0,3,mask1,mask4,mask5,mask1,mask3,25,1,shape12,0,90,0,1,0,19,10,19,shape6,0,90,0,1,0,15,11,12,shape18,0,90,1,0,0,17,12,13
14,2,0,0,3,mask2,mask4,mask1,mask3,mask5,25,1,shape6,0,90,0,1,0,11,12,11,shape11,0,90,1,0,0,16,19,13,shape16,0,90,0,1,0,17,17,16
14,3,0,0,3,mask1,mask4,mask1,mask5,mask5,25,1,shape8,0,90,0,1,0,19,18,13,shape5,0,90,1,0,0,13,13,13,shape13,0,90,0,1,0,19,14,18
15,1,0,0,3,mask2,mask5,mask1,mask3,mask2,25,1,shape16,0,90,0,1,0,15,13,16,shape2,0,90,0,1,0,17,10,19,shape14,0,90,1,0,0,10,18,17
15,2,0,0,3,mask5,mask4,mask4,mask2,mask4,25,1,shape10,0,90,0,1,0,17,19,18,shape9,0,90,1,0,0,16,16,11,shape10,0,90,0,1,0,14,16,19
15,3,0,0,3,mask3,mask5,mask5,mask5,mask1,25,1,shape14,0,90,0,1,0,11,17,19,shape17,0,90,0,1,0,10,18,16,shape3,0,90,1,0,0,10,15,10
16,1,0,0,3,mask3,mask2,mask1,mask2,mask3,25,1,shape2,0,90,0,1,0,17,13,15,shape9,0,90,0,1,0,12,19,10,shape13,0,90,1,0,0,17,17,10
16,2,0,0,3,mask3,mask2,mask4,mask2,mask5,25,1,shape15,0,90,0,1,0,17,17,18,shape13,0,90,1,0,0,18,15,11,shape18,0,90,0,1,0,18,11,17
16,3,0,0,3,mask4,mask4,mask1,mask3,mask2,25,1,shape14,0,90,0,1,0,15,11,11,shape7,0,90,0,1,0,15,13,11,shape12,0,90,1,0,0,11,10,18
17,1,0,0,3,mask3,mask3,mask2,mask4,mask5,25,1,shape17,0,90,0,1,0,19,15,13,shape15,0,90,1,0,0,16,19,15,shape11,0,90,0,1,0,18,17,11
17,2,0,0,3,mask4,mask4,mask1,mask5,mask4,25,1,shape17,0,90,1,0,0,13,15,13,shape12,0,90,0,1,0,10,18,12,shape1,0,90,0,1,0,19,19,13
17,3,0,0,3,mask4,mask2,mask4,mask1,mask3,25,1,shape13,0,90,0,1,0,14,16,10,shape10,0,90,0,1,0,10,10,13,shape13,0,90,1,0,0,11,11,11
18,1,0,0,3,mask1,mask5,mask1,mask5,mask2,25,1,shape16,0,90,0,1,0,15,19,19,shape15,0,90,1,0,0,14,13,18,shape14,0,90,0,1,0,12,10,17
18,2,0,0,3,mask4,mask2,mask5,mask5,mask3,25,1,shape13,0,90,0,1,0,17,16,10,shape3,0,90,1,0,0,14,10,18,shape15,0,90,0,1,0,13,15,14
18,3,0,0,3,mask4,mask1,mask2,mask4,mask3,25,1,shape5,0,90,0,1,0,12,19,14,shape2,0,90,0,1,0,16,14,14,shape3,0,90,1,0,0,14,11,10
19,1,0,0,3,mask5,mask3,mask5,mask2,mask1,25,1,shape17,0,90,0,1,0,19,19,10,shape1,0,90,1,0,0,17,19,11,shape9,0,90,0,1,0,19,12,13
19,2,0,0,3,mask3,mask4,mask3,mask5,mask3,25,1,shape18,0,90,1,0,0,19,16,16,shape15,0,90,0,1,0,17,10,17,shape16,0,90,0,1,0,17,16,11
19,3,0,0,3,mask1,mask3,mask5,mask4,mask3,25,1,shape15,0,90,0,1,0,11,12,11,shape1,0,90,1,0,0,19,14,11,shape12,0,90,0,1,0,19,17,10
20,1,0,0,3,mask4,mask4,mask5,mask2,mask4,25,1,shape2,0,90,1,0,0,19,17,14,shape1,0,90,0,1,0,14,10,19,shape7,0,90,0,1,0,13,11,19
20,2,0,0,3,mask3,mask1,mask5,mask1,mask3,25,1,shape14,0,90,0,1,0,16,18,12,shape11,0,90,0,1,0,10,16,16,shape12,0,90,1,0,0,11,13,11
20,3,0,0,3,mask2,mask1,mask2,mask1,mask3,25,1,shape4,0,90,0,1,0,14,13,15,shape16,0,90,1,0,0,18,16,16,shape8,0,90,0,1,0,19,12,15
21,1,0,0,3,mask1,mask3,mask5,mask1,mask1,25,1,shape16,0,90,1,0,0,18,11,10,shape17,0,90,0,1,0,10,14,14,shape6,0,90,0,1,0,18,16,18
21,2,0,0,3,mask5,mask4,mask3,mask4,mask2,25,1,shape4,0,90,1,0,0,17,11,10,shape8,0,90,0,1,0,12,11,14,shape17,0,90,0,1,0,13,11,10
21,3,0,0,3,mask4,mask4,mask3,mask3,mask3,25,1,shape5,0,90,0,1,0,18,18,17,shape14,0,90,0,1,0,19,15,17,shape4,0,90,1,0,0,13,11,14
22,1,0,0,3,mask2,mask2,mask2,mask3,mask2,25,1,shape7,0,90,0,1,0,12,12,13,shape6,0,90,0,1,0,12,13,12,shape4,0,90,1,0,0,11,10,13
22,2,0,0,3,mask1,mask5,mask1,mask3,mask3,25,1,shape9,0,90,1,0,0,19,19,11,shape8,0,90,0,1,0,19,17,13,shape7,0,90,0,1,0,17,15,12
22,3,0,0,3,mask1,mask2,mask5,mask3,mask2,25,1,shape18,0,90,0,1,0,18,10,16,shape14,0,90,0,1,0,17,16,19,shape2,0,90,1,0,0,15,11,16
23,1,0,0,3,mask1,mask3,mask5,mask3,mask3,25,1,shape14,0,90,0,1,0,15,14,12,shape9,0,90,1,0,0,16,19,18,shape3,0,90,0,1,0,14,10,16
23,2,0,0,3,mask3,mask5,mask5,mask4,mask2,25,1,shape2,0,90,0,1,0,11,16,14,shape15,0,90,0,1,0,10,14,15,shape16,0,90,1,0,0,18,17,16
23,3,0,0,3,mask1,mask1,mask1,mask2,mask5,25,1,shape7,0,90,1,0,0,15,13,16,shape7,0,90,0,1,0,15,15,13,shape1,0,90,0,1,0,19,12,13
24,1,0,0,3,mask2,mask3,mask5,mask4,mask2,25,1,shape5,0,90,1,0,0,14,18,16,shape7,0,90,0,1,0,14,14,12,shape6,0,90,0,1,0,15,10,19
24,2,0,0,3,mask2,mask4,mask1,mask1,mask4,25,1,shape15,0,90,0,1,0,13,15,16,shape9,0,90,0,1,0,11,10,15,shape17,0,90,1,0,0,16,11,12
24,3,0,0,3,mask4,mask2,mask5,mask4,mask2,25,1,shape12,0,90,1,0,0,15,12,12,shape13,0,90,0,1,0,15,18,17,shape6,0,90,0,1,0,15,10,16
25,1,0,0,3,mask3,mask2,mask4,mask5,mask3,25,1,shape9,0,90,1,0,0,15,14,19,shape2,0,90,0,1,0,17,17,19,shape1,0,90,0,1,0,12,17,17
25,2,0,0,3,mask1,mask2,mask5,mask1,mask4,25,1,shape6,0,90,0,1,0,13,11,10,shape16,0,90,0,1,0,15,13,17,shape4,0,90,1,0,0,12,14,16
25,3,0,0,3,mask3,mask4,mask5,mask4,mask2,25,1,shape18,0,90,1,0,0,17,12,17,shape9,0,90,0,1,0,19,12,18,shape13,0,90,0,1,0,13,14,14
26,1,0,0,3,mask2,mask5,mask4,mask2,mask1,25,1,shape8,0,90,0,1,0,19,17,11,shape17,0,90,1,0,0,12,16,13,shape9,0,90,0,1,0,17,10,18
26,2,0,0,3,mask2,mask4,mask3,mask1,mask3,25,1,shape11,0,90,0,1,0,13,15,12,shape8,0,90,1,0,0,13,12,10,shape17,0,90,0,1,0,17,16,10
26,3,0,0,3,mask1,mask5,mask2,mask2,mask4,25,1,shape18,0,90,1,0,0,19,17,12,shape17,0,90,0,1,0,14,16,16,shape12,0,90,0,1,0,19,13,15
27,1,0,0,3,mask1,mask5,mask1,mask3,mask5,25,1,shape1,0,90,0,1,0,12,15,10,shape6,0,90,0,1,0,17,10,15,shape6,0,90,1,0,0,17,18,17
27,2,0,0,3,mask1,mask1,mask1,mask3,mask4,25,1,shape9,0,90,1,0,0,15,12,19,shape12,0,90,0,1,0,16,13,17,shape7,0,90,0,1,0,16,19,18
27,3,0,0,3,mask4,mask1,mask4,mask1,mask3,25,1,shape8,0,90,0,1,0,14,13,14,shape4,0,90,1,0,0,19,11,19,shape1,0,90,0,1,0,11,19,10
28,1,0,0,3,mask2,mask4,mask4,mask4,mask4,25,1,shape12,0,90,0,1,0,16,13,10,shape4,0,90,1,0,0,12,15,19,shape15,0,90,0,1,0,11,12,19
28,2,0,0,3,mask2,mask5,mask2,mask5,mask1,25,1,shape9,0,90,1,0,0,16,17,10,shape2,0,90,0,1,0,10,16,17,shape14,0,90,0,1,0,10,13,13
28,3,0,0,3,mask1,mask5,mask3,mask4,mask5,25,1,shape12,0,90,0,1,0,16,15,11,shape12,0,90,1,0,0,15,12,17,shape18,0,90,0,1,0,11,19,19
29,1,0,0,3,mask5,mask4,mask4,mask3,mask1,25,1,shape8,0,90,1,0,0,17,11,19,shape16,0,90,0,1,0,12,10,19,shape4,0,90,0,1,0,10,17,10
29,2,0,0,3,mask1,mask2,mask3,mask1,mask2,25,1,shape6,0,90,0,1,0,14,19,12,shape4,0,90,1,0,0,16,13,19,shape10,0,90,0,1,0,16,12,10
29,3,0,0,3,mask3,mask4,mask5,mask5,mask1,25,1,shape13,0,90,0,1,0,14,12,18,shape11,0,90,1,0,0,17,10,13,shape18,0,90,0,1,0,16,10,12
30,1,0,0,3,mask3,mask1,mask4,mask5,mask4,25,1,shape5,0,90,0,1,0,13,16,12,shape5,0,90,1,0,0,10,15,14,shape10,0,90,0,1,0,17,15,14
30,2,0,0,3,mask5,mask5,mask5,mask4,mask3,25,1,shape10,0,90,0,1,0,10,17,18,shape4,0,90,1,0,0,16,19,19,shape17,0,90,0,1,0,15,12,12
30,3,0,0,3,mask5,mask4,mask5,mask4,mask1,25,1,shape13,0,90,0,1,0,19,11,15,shape5,0,90,0,1,0,16,11,12,shape17,0,90,1,0,0,10,12,13
31,1,0,0,3,mask2,mask4,mask4,mask3,mask5,25,1,shape9,0,90,1,0,0,13,17,10,shape1,0,90,0,1,0,19,10,10,shape16,0,90,0,1,0,18,18,16
31,2,0,0,3,mask4,mask3,mask2,mask5,mask3,25,1,shape17,0,90,0,1,0,13,17,14,shape14,0,90,1,0,0,14,11,18,shape5,0,90,0,1,0,15,15,18
31,3,0,0,3,mask1,mask3,mask5,mask3,mask2,25,1,shape14,0,90,0,1,0,19,14,18,shape5,0,90,1,0,0,18,14,18,shape3,0,90,0,1,0,10,15,17
32,1,0,0,3,mask4,mask1,mask4,mask1,mask1,25,1,shape11,0,90,0,1,0,14,17,18,shape6,0,90,0,1,0,17,11,17,shape12,0,90,1,0,0,13,10,12
32,2,0,0,3,mask4,mask3,mask2,mask4,mask2,25,1,shape9,0,90,1,0,0,18,12,13,shape10,0,90,0,1,0,15,13,18,shape6,0,90,0,1,0,19,11,19
32,3,0,0,3,mask2,mask1,mask3,mask1,mask5,25,1,shape6,0,90,1,0,0,13,12,19,shape10,0,90,0,1,0,15,11,10,shape1,0,90,0,1,0,17,10,10
33,1,0,0,3,mask1,mask2,mask4,mask4,mask5,25,1,shape14,0,90,1,0,0,17,11,10,shape1,0,90,0,1,0,13,17,11,shape15,0,90,0,1,0,12,14,12
33,2,0,0,3,mask3,mask1,mask2,mask1,mask1,25,1,shape17,0,90,0,1,0,15,12,11,shape10,0,90,1,0,0,18,13,18,shape6,0,90,0,1,0,15,13,17
33,3,0,0,3,mask3,mask5,mask1,mask2,mask3,25,1,shape1,0,90,1,0,0,14,14,17,shape4,0,90,0,1,0,18,11,15,shape14,0,90,0,1,0,11,16,15
34,1,0,0,3,mask5,mask1,mask5,mask5,mask2,25,1,shape5,0,90,0,1,0,19,16,13,shape8,0,90,1,0,0,19,19,17,shape1,0,90,0,1,0,12,15,19
34,2,0,0,3,mask3,mask1,mask4,mask2,mask1,25,1,shape9,0,90,0,1,0,13,15,16,shape17,0,90,1,0,0,15,13,18,shape6,0,90,0,1,0,11,13,11
34,3,0,0,3,mask1,mask2,mask4,mask1,mask1,25,1,shape8,0,90,0,1,0,14,17,17,shape11,0,90,0,1,0,11,18,14,shape11,0,90,1,0,0,10,13,12
35,1,0,0,3,mask1,mask3,mask4,mask2,mask1,25,1,shape10,0,90,0,1,0,19,10,14,shape18,0,90,0,1,0,15,12,15,shape4,0,90,1,0,0,17,11,13
35,2,0,0,3,mask5,mask3,mask5,mask1,mask1,25,1,shape5,0,90,1,0,0,10,18,12,shape4,0,90,0,1,0,12,15,10,shape3,0,90,0,1,0,17,18,16
35,3,0,0,3,mask1,mask2,mask3,mask1,mask5,25,1,shape9,0,90,0,1,0,18,10,13,shape11,0,90,0,1,0,19,13,13,shape2,0,90,1,0,0,19,12,19
36,1,0,0,3,mask3,mask4,mask1,mask3,mask4,25,1,shape11,0,90,1,0,0,14,15,10,shape5,0,90,0,1,0,14,15,16,shape18,0,90,0,1,0,14,11,18
36,2,0,0,3,mask2,mask5,mask2,mask1,mask3,25,1,shape14,0,90,0,1,0,17,12,17,shape11,0,90,0,1,0,17,11,18,shape5,0,90,1,0,0,13,12,12
36,3,0,0,3,mask2,mask3,mask2,mask5,mask5,25,1,shape10,0,90,1,0,0,19,12,12,shape6,0,90,0,1,0,15,15,17,shape18,0,90,0,1,0,18,11,10
37,1,0,0,3,mask1,mask1,mask1,mask5,mask5,25,1,shape2,0,90,1,0,0,16,17,11,shape3,0,90,0,1,0,19,19,17,shape16,0,90,0,1,0,10,14,12
37,2,0,0,3,mask2,mask5,mask3,mask1,mask2,25,1,shape7,0,90,0,1,0,19,10,13,shape9,0,90,0,1,0,19,16,15,shape11,0,90,1,0,0,19,15,14
37,3,0,0,3,mask4,mask4,mask3,mask4,mask4,25,1,shape15,0,90,0,1,0,16,16,16,shape13,0,90,1,0,0,19,14,12,shape15,0,90,0,1,0,10,18,15
38,1,0,0,3,mask1,mask4,mask3,mask1,mask1,25,1,shape18,0,90,1,0,0,13,15,19,shape10,0,90,0,1,0,13,17,12,shape2,0,90,0,1,0,13,10,16
38,2,0,0,3,mask5,mask4,mask5,mask3,mask4,25,1,shape5,0,90,0,1,0,13,18,11,shape11,0,90,0,1,0,14,11,18,shape9,0,90,1,0,0,15,10,16
38,3,0,0,3,mask3,mask3,mask5,mask5,mask3,25,1,shape6,0,90,1,0,0,17,16,19,shape7,0,90,0,1,0,19,16,18,shape17,0,90,0,1,0,19,17,14
39,1,0,0,3,mask2,mask4,mask1,mask3,mask3,25,1,shape8,0,90,0,1,0,12,18,16,shape1,0,90,0,1,0,17,18,17,shape4,0,90,1,0,0,14,19,19
39,2,0,0,3,mask5,mask3,mask5,mask5,mask2,25,1,shape2,0,90,1,0,0,13,17,12,shape17,0,90,0,1,0,14,10,14,shape4,0,90,0,1,0,18,12,18
39,3,0,0,3,mask2,mask3,mask5,mask4,mask2,25,1,shape3,0,90,0,1,0,14,14,17,shape11,0,90,0,1,0,12,14,19,shape6,0,90,1,0,0,12,17,15
40,1,0,0,3,mask3,mask1,mask4,mask1,mask2,25,1,shape8,0,90,0,1,0,18,16,16,shape1,0,90,0,1,0,11,17,10,shape5,0,90,1,0,0,10,18,12
40,2,0,0,3,mask1,mask5,mask1,mask1,mask5,25,1,shape6,0,90,0,1,0,13,13,14,shape5,0,90,0,1,0,15,11,15,shape15,0,90,1,0,0,14,14,13
40,3,0,0,3,mask3,mask3,mask2,mask2,mask5,25,1,shape17,0,90,1,0,0,17,16,15,shape12,0,90,0,1,0,15,15,16,shape6,0,90,0,1,0,16,17,16
41,1,0,0,3,mask4,mask2,mask1,mask2,mask1,25,1,shape3,0,90,0,1,0,16,14,14,shape2,0,90,1,0,0,14,11,18,shape15,0,90,0,1,0,14,10,10
41,2,0,0,3,mask1,mask1,mask2,mask1,mask3,25,1,shape14,0,90,1,0,0,13,14,15,shape15,0,90,0,1,0,12,10,11,shape4,0,90,0,1,0,17,16,13
41,3,0,0,3,mask1,mask1,mask3,mask2,mask3,25,1,shape3,0,90,0,1,0,19,17,11,shape5,0,90,0,1,0,10,12,19,shape4,0,90,1,0,0,11,18,12
42,1,0,0,3,mask5,mask2,mask5,mask4,mask2,25,1,shape14,0,90,0,1,0,10,15,19,shape5,0,90,1,0,0,11,16,19,shape7,0,90,0,1,0,13,19,14
42,2,0,0,3,mask4,mask2,mask1,mask5,mask5,25,1,shape2,0,90,0,1,0,10,16,19,shape2,0,90,1,0,0,17,19,12,shape14,0,90,0,1,0,10,18,11
42,3,0,0,3,mask5,mask3,mask1,mask2,mask2,25,1,shape15,0,90,0,1,0,11,15,19,shape6,0,90,1,0,0,10,18,11,shape17,0,90,0,1,0,11,13,18
43,1,0,0,3,mask2,mask1,mask1,mask5,mask4,25,1,shape18,0,90,0,1,0,16,15,15,shape3,0,90,1,0,0,19,11,14,shape16,0,90,0,1,0,11,19,14
43,2,0,0,3,mask1,mask3,mask1,mask2,mask4,25,1,shape3,0,90,1,0,0,18,13,10,shape16,0,90,0,1,0,19,18,17,shape1,0,90,0,1,0,11,14,15
43,3,0,0,3,mask4,mask5,mask1,mask4,mask5,25,1,shape9,0,90,0,1,0,11,15,19,shape2,0,90,0,1,0,16,18,14,shape1,0,90,1,0,0,17,19,18
44,1,0,0,3,mask2,mask1,mask3,mask3,mask2,25,1,shape11,0,90,1,0,0,17,15,17,shape8,0,90,0,1,0,11,18,15,shape7,0,90,0,1,0,10,19,17
44,2,0,0,3,mask4,mask2,mask4,mask5,mask2,25,1,shape16,0,90,0,1,0,13,18,15,shape12,0,90,1,0,0,10,11,18,shape1,0,90,0,1,0,16,19,17
44,3,0,0,3,mask3,mask3,mask1,mask4,mask1,25,1,shape10,0,90,1,0,0,10,11,15,shape11,0,90,0,1,0,10,13,13,shape18,0,90,0,1,0,17,14,18
45,1,0,0,3,mask1,mask3,mask2,mask3,mask4,25,1,shape17,0,90,1,0,0,16,19,14,shape13,0,90,0,1,0,13,10,15,shape14,0,90,0,1,0,16,14,19
45,2,0,0,3,mask2,mask2,mask4,mask2,mask1,25,1,shape11,0,90,1,0,0,17,10,18,shape14,0,90,0,1,0,15,13,14,shape10,0,90,0,1,0,18,10,15
45,3,0,0,3,mask1,mask1,mask3,mask3,mask2,25,1,shape12,0,90,0,1,0,18,16,14,shape11,0,90,0,1,0,13,15,18,shape17,0,90,1,0,0,11,16,16
46,1,0,0,3,mask2,mask1,mask2,mask5,mask4,25,1,shape3,0,90,0,1,0,15,16,12,shape14,0,90,1,0,0,18,11,18,shape5,0,90,0,1,0,16,18,16
46,2,0,0,3,mask1,mask2,mask3,mask3,mask3,25,1,shape5,0,90,0,1,0,17,17,16,shape10,0,90,0,1,0,11,12,18,shape7,0,90,1,0,0,17,10,12
46,3,0,0,3,mask1,mask3,mask1,mask4,mask3,25,1,shape18,0,90,1,0,0,11,14,10,shape17,0,90,0,1,0,12,11,16,shape6,0,90,0,1,0,18,19,11
47,1,0,0,3,mask4,mask5,mask5,mask5,mask3,25,1,shape4,0,90,1,0,0,12,14,13,shape9,0,90,0,1,0,17,14,13,shape10,0,90,0,1,0,10,10,15
47,2,0,0,3,mask2,mask3,mask2,mask5,mask2,25,1,shape11,0,90,1,0,0,19,17,19,shape13,0,90,0,1,0,14,12,15,shape1,0,90,0,1,0,19,12,18
47,3,0,0,3,mask3,mask5,mask3,mask2,mask5,25,1,shape17,0,90,0,1,0,11,14,19,shape5,0,90,1,0,0,12,17,15,shape6,0,90,0,1,0,11,18,15
48,1,0,0,3,mask5,mask1,mask4,mask2,mask1,25,1,shape17,0,90,0,1,0,11,10,15,shape13,0,90,0,1,0,13,15,15,shape16,0,90,1,0,0,12,15,15
48,2,0,0,3,mask4,mask5,mask2,mask5,mask3,25,1,shape16,0,90,1,0,0,19,11,11,shape13,0,90,0,1,0,11,17,18,shape6,0,90,0,1,0,15,12,16
48,3,0,0,3,mask1,mask3,mask2,mask4,mask1,25,1,shape8,0,90,1,0,0,13,15,17,shape10,0,90,0,1,0,14,16,10,shape3,0,90,0,1,0,16,12,10
49,1,0,0,3,mask4,mask4,mask4,mask5,mask1,25,1,shape11,0,90,0,1,0,18,17,15,shape12,0,90,0,1,0,12,14,13,shape11,0,90,1,0,0,11,15,11
49,2,0,0,3,mask1,mask4,mask4,mask3,mask2,25,1,shape4,0,90,0,1,0,17,19,19,shape10,0,90,0,1,0,12,11,13,shape2,0,90,1,0,0,16,15,16
49,3,0,0,3,mask4,mask5,mask5,mask4,mask4,25,1,shape14,0,90,0,1,0,17,12,18,shape14,0,90,0,1,0,10,16,18,shape3,0,90,1,0,0,13,16,11
50,1,0,0,3,mask2,mask1,mask4,mask4,mask5,25,1,shape3,0,90,1,0,0,15,13,19,shape1,0,90,0,1,0,16,14,19,shape16,0,90,0,1,0,13,12,12
50,2,0,0,3,mask3,mask4,mask3,mask5,mask2,25,1,shape7,0,90,0,1,0,17,18,12,shape12,0,90,0,1,0,13,17,17,shape11,0,90,1,0,0,15,19,11
50,3,0,0,3,mask3,mask3,mask3,mask1,mask2,25,1,shape16,0,90,0,1,0,15,16,18,shape1,0,90,1,0,0,11,16,14,shape2,0,90,0,1,0,14,19,16
51,1,0,0,3,mask2,mask5,mask4,mask2,mask3,25,1,shape6,0,90,0,1,0,12,19,19,shape15,0,90,1,0,0,10,12,11,shape2,0,90,0,1,0,13,19,13
51,2,0,0,3,mask4,mask3,mask4,mask4,mask1,25,1,shape5,0,90,0,1,0,15,15,10,shape7,0,90,0,1,0,18,19,14,shape3,0,90,1,0,0,18,18,14
51,3,0,0,3,mask4,mask4,mask3,mask1,mask4,25,1,shape13,0,90,0,1,0,17,14,13,shape2,0,90,1,0,0,10,19,13,shape7,0,90,0,1,0,18,12,13
52,1,0,0,3,mask2,mask1,mask4,mask4,mask1,25,1,shape2,0,90,0,1,0,16,19,19,shape6,0,90,1,0,0,17,10,17,shape10,0,90,0,1,0,18,13,11
52,2,0,0,3,mask1,mask4,mask2,mask3,mask5,25,1,shape8,0,90,0,1,0,11,16,13,shape16,0,90,0,1,0,16,10,13,shape16,0,90,1,0,0,11,12,17
52,3,0,0,3,mask4,mask5,mask1,mask5,mask2,25,1,shape9,0,90,1,0,0,10,13,17,shape18,0,90,0,1,0,13,15,12,shape5,0,90,0,1,0,16,12,13
53,1,0,0,3,mask3,mask1,mask4,mask2,mask1,25,1,shape9,0,90,0,1,0,18,16,17,shape17,0,90,1,0,0,12,16,10,shape7,0,90,0,1,0,13,10,15
53,2,0,0,3,mask4,mask4,mask1,mask5,mask5,25,1,shape3,0,90,0,1,0,19,15,17,shape7,0,90,1,0,0,18,12,16,shape10,0,90,0,1,0,14,19,10
53,3,0,0,3,mask5,mask4,mask3,mask3,mask5,25,1,shape1,0,90,1,0,0,14,17,13,shape8,0,90,0,1,0,13,11,18,shape16,0,90,0,1,0,10,10,18
54,1,0,0,3,mask3,mask4,mask5,mask4,mask3,25,1,shape15,0,90,1,0,0,10,15,12,shape17,0,90,0,1,0,14,14,14,shape17,0,90,0,1,0,10,18,19
54,2,0,0,3,mask1,mask1,mask3,mask4,mask4,25,1,shape9,0,90,1,0,0,11,19,19,shape16,0,90,0,1,0,17,19,11,shape5,0,90,0,1,0,10,15,12
54,3,0,0,3,mask1,mask1,mask2,mask2,mask1,25,1,shape11,0,90,0,1,0,14,13,12,shape15,0,90,1,0,0,19,15,19,shape18,0,90,0,1,0,15,16,19
55,1,0,0,3,mask4,mask4,mask5,mask4,mask2,25,1,shape14,0,90,0,1,0,14,19,12,shape16,0,90,1,0,0,10,18,13,shape12,0,90,0,1,0,15,18,14
55,2,0,0,3,mask3,mask3,mask2,mask3,mask5,25,1,shape17,0,90,0,1,0,14,13,18,shape12,0,90,1,0,0,14,17,12,shape16,0,90,0,1,0,10,14,14
55,3,0,0,3,mask3,mask4,mask4,mask1,mask5,25,1,shape16,0,90,0,1,0,13,18,15,shape4,0,90,0,1,0,17,19,13,shape12,0,90,1,0,0,18,14,15
56,1,0,0,3,mask5,mask3,mask4,mask2,mask3,25,1,shape1,0,90,0,1,0,18,13,14,shape7,0,90,0,1,0,16,18,17,shape13,0,90,1,0,0,16,15,11
56,2,0,0,3,mask1,mask5,mask5,mask5,mask1,25,1,shape16,0,90,1,0,0,12,15,11,shape14,0,90,0,1,0,13,19,16,shape5,0,90,0,1,0,13,14,13
56,3,0,0,3,mask4,mask4,mask1,mask4,mask4,25,1,shape10,0,90,0,1,0,11,17,18,shape12,0,90,1,0,0,14,15,15,shape10,0,90,0,1,0,17,17,12
57,1,0,0,3,mask1,mask1,mask5,mask2,mask1,25,1,shape4,0,90,0,1,0,15,10,16,shape5,0,90,0,1,0,13,12,11,shape3,0,90,1,0,0,10,11,15
57,2,0,0,3,mask4,mask5,mask3,mask5,mask2,25,1,shape7,0,90,0,1,0,13,11,12,shape14,0,90,1,0,0,18,15,13,shape8,0,90,0,1,0,11,11,18
57,3,0,0,3,mask1,mask2,mask2,mask1,mask1,25,1,shape11,0,90,0,1,0,17,14,15,shape17,0,90,0,1,0,18,17,16,shape11,0,90,1,0,0,18,15,13
58,1,0,0,3,mask5,mask3,mask3,mask2,mask4,25,1,shape17,0,90,0,1,0,14,10,17,shape16,0,90,1,0,0,14,12,13,shape9,0,90,0,1,0,19,10,12
58,2,0,0,3,mask2,mask3,mask1,mask4,mask4,25,1,shape13,0,90,0,1,0,12,15,15,shape3,0,90,0,1,0,15,11,16,shape7,0,90,1,0,0,10,15,14
58,3,0,0,3,mask4,mask4,mask2,mask4,mask4,25,1,shape15,0,90,0,1,0,18,18,16,shape14,0,90,0,1,0,16,11,10,shape5,0,90,1,0,0,11,10,18
59,1,0,0,3,mask5,mask3,mask5,mask2,mask4,25,1,shape5,0,90,1,0,0,19,17,13,shape13,0,90,0,1,0,18,14,16,shape12,0,90,0,1,0,10,13,18
59,2,0,0,3,mask3,mask2,mask4,mask5,mask1,25,1,shape15,0,90,1,0,0,11,10,17,shape8,0,90,0,1,0,15,11,18,shape15,0,90,0,1,0,14,14,12
59,3,0,0,3,mask4,mask5,mask1,mask1,mask4,25,1,shape4,0,90,1,0,0,11,16,18,shape4,0,90,0,1,0,10,19,11,shape5,0,90,0,1,0,13,16,11
60,1,0,0,3,mask5,mask3,mask2,mask2,mask3,25,1,shape11,0,90,0,1,0,17,11,16,shape15,0,90,0,1,0,16,17,10,shape3,0,90,1,0,0,16,15,12
60,2,0,0,3,mask4,mask4,mask1,mask1,mask4,25,1,shape1,0,90,0,1,0,17,15,15,shape16,0,90,0,1,0,12,12,11,shape15,0,90,1,0,0,12,12,12
60,3,0,0,3,mask5,mask3,mask1,mask5,mask5,25,1,shape10,0,90,1,0,0,15,13,15,shape17,0,90,0,1,0,12,18,13,shape17,0,90,0,1,0,17,10,19
61,1,0,0,3,mask5,mask5,mask4,mask5,mask5,25,1,shape12,0,90,0,1,0,13,12,16,shape6,0,90,1,0,0,10,15,10,shape6,0,90,0,1,0,11,10,16
61,2,0,0,3,mask2,mask3,mask4,mask4,mask1,25,1,shape1,0,90,1,0,0,15,12,14,shape12,0,90,0,1,0,16,13,15,shape5,0,90,0,1,0,19,11,16
61,3,0,0,3,mask3,mask3,mask1,mask5,mask3,25,1,shape18,0,90,0,1,0,19,18,13,shape8,0,90,0,1,0,19,15,18,shape4,0,90,1,0,0,10,18,16
62,1,0,0,3,mask1,mask4,mask2,mask1,mask4,25,1,shape4,0,90,0,1,0,13,19,16,shape3,0,90,1,0,0,13,11,15,shape6,0,90,0,1,0,13,15,19
62,2,0,0,3,mask1,mask5,mask3,mask5,mask2,25,1,shape11,0,90,1,0,0,10,11,16,shape3,0,90,0,1,0,17,14,13,shape12,0,90,0,1,0,16,17,18
62,3,0,0,3,mask3,mask2,mask5,mask2,mask3,25,1,shape7,0,90,1,0,0,10,10,11,shape12,0,90,0,1,0,12,11,17,shape6,0,90,0,1,0,17,15,11
63,1,0,0,3,mask2,mask5,mask4,mask3,mask4,25,1,shape5,0,90,0,1,0,12,11,19,shape3,0,90,1,0,0,11,15,12,shape11,0,90,0,1,0,11,10,16
63,2,0,0,3,mask4,mask5,mask2,mask3,mask3,25,1,shape11,0,90,1,0,0,15,12,16,shape18,0,90,0,1,0,15,12,18,shape1,0,90,0,1,0,19,16,10
63,3,0,0,3,mask2,mask1,mask4,mask5,mask5,25,1,shape14,0,90,1,0,0,15,16,18,shape10,0,90,0,1,0,18,19,15,shape3,0,90,0,1,0,15,12,14
64,1,0,0,3,mask4,mask5,mask5,mask5,mask1,25,1,shape18,0,90,0,1,0,10,18,16,shape2,0,90,0,1,0,17,14,18,shape17,0,90,1,0,0,12,18,18
64,2,0,0,3,mask3,mask2,mask2,mask1,mask4,25,1,shape10,0,90,1,0,0,10,11,16,shape5,0,90,0,1,0,15,13,17,shape7,0,90,0,1,0,13,18,15
64,3,0,0,3,mask1,mask3,mask3,mask2,mask5,25,1,shape14,0,90,1,0,0,10,19,16,shape17,0,90,0,1,0,17,11,13,shape1,0,90,0,1,0,19,14,14
65,1,0,0,3,mask2,mask5,mask1,mask2,mask3,25,1,shape12,0,90,1,0,0,12,13,12,shape8,0,90,0,1,0,19,18,13,shape15,0,90,0,1,0,11,12,10
65,2,0,0,3,mask4,mask3,mask2,mask4,mask2,25,1,shape12,0,90,1,0,0,15,14,19,shape5,0,90,0,1,0,15,12,15,shape4,0,90,0,1,0,18,11,17
65,3,0,0,3,mask3,mask5,mask5,mask3,mask4,25,1,shape9,0,90,1,0,0,12,10,16,shape18,0,90,0,1,0,15,14,10,shape14,0,90,0,1,0,15,10,12
66,1,0,0,3,mask5,mask3,mask5,mask5,mask3,25,1,shape1,0,90,0,1,0,11,14,11,shape18,0,90,0,1,0,17,15,13,shape18,0,90,1,0,0,11,18,10
66,2,0,0,3,mask5,mask5,mask1,mask5,mask2,25,1,shape7,0,90,1,0,0,11,10,14,shape18,0,90,0,1,0,16,12,18,shape6,0,90,0,1,0,11,12,15
66,3,0,0,3,mask5,mask5,mask5,mask5,mask4,25,1,shape1,0,90,1,0,0,11,18,13,shape9,0,90,0,1,0,12,14,10,shape10,0,90,0,1,0,13,19,13
67,1,0,0,3,mask4,mask2,mask2,mask2,mask1,25,1,shape2,0,90,0,1,0,12,15,18,shape12,0,90,0,1,0,14,18,19,shape14,0,90,1,0,0,14,12,10
67,2,0,0,3,mask1,mask3,mask4,mask2,mask1,25,1,shape17,0,90,0,1,0,11,18,13,shape1,0,90,1,0,0,13,16,17,shape10,0,90,0,1,0,15,13,11
67,3,0,0,3,mask1,mask5,mask5,mask3,mask2,25,1,shape11,0,90,0,1,0,17,12,14,shape3,0,90,0,1,0,12,13,19,shape2,0,90,1,0,0,14,16,16
68,1,0,0,3,mask4,mask4,mask3,mask5,mask1,25,1,shape11,0,90,0,1,0,14,11,14,shape17,0,90,0,1,0,11,10,16,shape7,0,90,1,0,0,15,18,11
68,2,0,0,3,mask4,mask1,mask4,mask3,mask3,25,1,shape15,0,90,1,0,0,19,16,19,shape5,0,90,0,1,0,12,13,12,shape13,0,90,0,1,0,15,19,13
68,3,0,0,3,mask1,mask5,mask3,mask4,mask4,25,1,shape3,0,90,1,0,0,12,19,19,shape9,0,90,0,1,0,14,12,13,shape16,0,90,0,1,0,11,10,18
69,1,0,0,3,mask5,mask2,mask4,mask2,mask1,25,1,shape15,0,90,0,1,0,12,13,17,shape7,0,90,0,1,0,14,15,15,shape6,0,90,1,0,0,11,12,11
69,2,0,0,3,mask2,mask5,mask5,mask3,mask5,25,1,shape7,0,90,0,1,0,16,16,17,shape13,0,90,1,0,0,17,10,19,shape17,0,90,0,1,0,18,13,11
69,3,0,0,3,mask1,mask1,mask5,mask5,mask1,25,1,shape17,0,90,1,0,0,17,11,12,shape1,0,90,0,1,0,14,15,17,shape12,0,90,0,1,0,12,12,15
70,1,0,0,3,mask2,mask3,mask5,mask2,mask3,25,1,shape12,0,90,0,1,0,19,16,12,shape12,0,90,0,1,0,16,13,16,shape15,0,90,1,0,0,12,10,10
70,2,0,0,3,mask3,mask3,mask3,mask3,mask4,25,1,shape16,0,90,0,1,0,13,14,13,shape18,0,90,0,1,0,18,11,15,shape12,0,90,1,0,0,11,13,12
70,3,0,0,3,mask1,mask4,mask4,mask2,mask5,25,1,shape2,0,90,1,0,0,15,19,12,shape4,0,90,0,1,0,16,12,12,shape6,0,90,0,1,0,19,12,12
71,1,0,0,3,mask2,mask5,mask4,mask1,mask3,25,1,shape10,0,90,0,1,0,19,10,14,shape8,0,90,0,1,0,18,13,13,shape4,0,90,1,0,0,14,17,14
71,2,0,0,3,mask1,mask1,mask1,mask5,mask5,25,1,shape7,0,90,1,0,0,10,15,11,shape15,0,90,0,1,0,10,19,15,shape13,0,90,0,1,0,15,12,11
71,3,0,0,3,mask2,mask3,mask4,mask2,mask3,25,1,shape1,0,90,1,0,0,12,14,17,shape7,0,90,0,1,0,17,12,14,shape12,0,90,0,1,0,19,10,19
72,1,0,0,3,mask3,mask2,mask2,mask5,mask1,25,1,shape6,0,90,0,1,0,18,14,14,shape10,0,90,0,1,0,12,14,16,shape1,0,90,1,0,0,18,18,17
72,2,0,0,3,mask2,mask3,mask4,mask4,mask5,25,1,shape5,0,90,0,1,0,11,10,10,shape17,0,90,1,0,0,13,10,10,shape9,0,90,0,1,0,19,10,13
72,3,0,0,3,mask3,mask5,mask5,mask5,mask1,25,1,shape4,0,90,0,1,0,12,11,14,shape2,0,90,0,1,0,17,10,10,shape7,0,90,1,0,0,19,13,12
73,1,0,0,3,mask5,mask3,mask4,mask1,mask4,25,1,shape15,0,90,1,0,0,17,12,17,shape15,0,90,0,1,0,19,18,15,shape10,0,90,0,1,0,10,11,18
73,2,0,0,3,mask3,mask3,mask4,mask3,mask5,25,1,shape7,0,90,0,1,0,18,11,17,shape14,0,90,0,1,0,19,10,19,shape15,0,90,1,0,0,14,18,18
73,3,0,0,3,mask1,mask5,mask3,mask2,mask4,25,1,shape1,0,90,0,1,0,18,18,15,shape4,0,90,0,1,0,14,10,13,shape14,0,90,1,0,0,19,19,19
74,1,0,0,3,mask5,mask2,mask1,mask5,mask4,25,1,shape16,0,90,1,0,0,19,15,10,shape15,0,90,0,1,0,13,10,17,shape16,0,90,0,1,0,14,18,16
74,2,0,0,3,mask2,mask3,mask3,mask2,mask2,25,1,shape18,0,90,0,1,0,16,17,17,shape18,0,90,0,1,0,12,17,17,shape18,0,90,1,0,0,12,10,12
74,3,0,0,3,mask5,mask4,mask3,mask4,mask3,25,1,shape8,0,90,0,1,0,16,10,19,shape11,0,90,0,1,0,17,15,14,shape8,0,90,1,0,0,16,14,12
75,1,0,0,3,mask4,mask5,mask1,mask1,mask4,25,1,shape3,0,90,0,1,0,13,18,14,shape4,0,90,1,0,0,12,10,12,shape11,0,90,0,1,0,19,16,15
75,2,0,0,3,mask3,mask5,mask3,mask1,mask2,25,1,shape9,0,90,0,1,0,14,11,12,shape4,0,90,1,0,0,13,17,15,shape6,0,90,0,1,0,17,13,10
75,3,0,0,3,mask5,mask5,mask4,mask2,mask5,25,1,shape5,0,90,0,1,0,12,15,17,shape13,0,90,0,1,0,14,14,17,shape12,0,90,1,0,0,15,18,12
76,1,0,0,3,mask2,mask2,mask3,mask5,mask4,25,1,shape15,0,90,1,0,0,19,16,13,shape12,0,90,0,1,0,10,12,17,shape7,0,90,0,1,0,14,11,11
76,2,0,0,3,mask2,mask1,mask5,mask1,mask5,25,1,shape2,0,90,0,1,0,12,19,14,shape3,0,90,1,0,0,14,14,13,shape14,0,90,0,1,0,10,10,15
76,3,0,0,3,mask2,mask2,mask4,mask2,mask3,25,1,shape11,0,90,0,1,0,10,11,11,shape3,0,90,0,1,0,10,11,11,shape13,0,90,1,0,0,16,14,18
77,1,0,0,3,mask2,mask5,mask3,mask2,mask4,25,1,shape16,0,90,1,0,0,17,13,11,shape16,0,90,0,1,0,14,10,17,shape5,0,90,0,1,0,19,11,14
77,2,0,0,3,mask2,mask4,mask1,mask2,mask5,25,1,shape6,0,90,0,1,0,15,10,10,shape13,0,90,0,1,0,14,15,10,shape13,0,90,1,0,0,19,15,19
77,3,0,0,3,mask1,mask5,mask1,mask1,mask2,25,1,shape1,0,90,0,1,0,11,19,11,shape3,0,90,0,1,0,11,14,16,shape13,0,90,1,0,0,14,16,15
78,1,0,0,3,mask4,mask5,mask4,mask5,mask3,25,1,shape14,0,90,0,1,0,16,10,17,shape12,0,90,1,0,0,14,13,16,shape17,0,90,0,1,0,11,13,15
78,2,0,0,3,mask5,mask5,mask1,mask2,mask2,25,1,shape9,0,90,1,0,0,10,16,19,shape8,0,90,0,1,0,19,13,19,shape8,0,90,0,1,0,19,19,10
78,3,0,0,3,mask5,mask5,mask2,mask2,mask2,25,1,shape6,0,90,1,0,0,15,14,18,shape3,0,90,0,1,0,15,19,13,shape10,0,90,0,1,0,10,14,19
79,1,0,0,3,mask3,mask2,mask5,mask1,mask2,25,1,shape5,0,90,0,1,0,18,10,14,shape11,0,90,1,0,0,19,19,15,shape14,0,90,0,1,0,13,14,17
79,2,0,0,3,mask4,mask4,mask2,mask1,mask3,25,1,shape5,0,90,1,0,0,18,19,13,shape2,0,90,0,1,0,16,10,14,shape12,0,90,0,1,0,13,14,15
79,3,0,0,3,mask1,mask2,mask5,mask1,mask2,25,1,shape11,0,90,0,1,0,19,19,15,shape8,0,90,0,1,0,12,13,19,shape17,0,90,1,0,0,16,12,10
80,1,0,0,3,mask2,mask2,mask5,mask4,mask1,25,1,shape7,0,90,1,0,0,13,19,12,shape7,0,90,0,1,0,10,14,18,shape8,0,90,0,1,0,13,19,14
80,2,0,0,3,mask3,mask4,mask2,mask2,mask1,25,1,shape2,0,90,0,1,0,12,17,12,shape11,0,90,0,1,0,13,19,14,shape4,0,90,1,0,0,11,12,17
80,3,0,0,3,mask1,mask2,mask4,mask5,mask2,25,1,shape10,0,90,1,0,0,18,13,18,shape7,0,90,0,1,0,16,18,15,shape5,0,90,0,1,0,19,16,17
81,1,0,0,3,mask5,mask1,mask4,mask2,mask1,25,1,shape6,0,90,0,1,0,15,13,17,shape5,0,90,0,1,0,18,19,16,shape2,0,90,1,0,0,13,14,18
81,2,0,0,3,mask1,mask3,mask4,mask5,mask2,25,1,shape8,0,90,0,1,0,13,17,18,shape8,0,90,0,1,0,14,19,17,shape17,0,90,1,0,0,19,14,13
81,3,0,0,3,mask2,mask4,mask1,mask3,mask3,25,1,shape4,0,90,0,1,0,16,16,15,shape5,0,90,1,0,0,18,15,10,shape6,0,90,0,1,0,15,10,11
82,1,0,0,3,mask2,mask1,mask3,mask3,mask3,25,1,shape11,0,90,0,1,0,18,19,13,shape8,0,90,0,1,0,17,15,18,shape4,0,90,1,0,0,15,13,10
82,2,0,0,3,mask1,mask2,mask4,mask4,mask4,25,1,shape14,0,90,0,1,0,19,19,13,shape11,0,90,1,0,0,14,14,12,shape14,0,90,0,1,0,11,18,16
82,3,0,0,3,mask2,mask5,mask5,mask4,mask2,25,1,shape6,0,90,1,0,0,12,15,17,shape15,0,90,0,1,0,13,14,10,shape1,0,90,0,1,0,19,18,14
83,1,0,0,3,mask3,mask4,mask2,mask3,mask3,25,1,shape18,0,90,0,1,0,15,11,13,shape15,0,90,1,0,0,14,15,14,shape17,0,90,0,1,0,10,17,15
83,2,0,0,3,mask2,mask5,mask5,mask2,mask3,25,1,shape1,0,90,0,1,0,15,17,10,shape11,0,90,1,0,0,11,11,11,shape8,0,90,0,1,0,12,19,17
83,3,0,0,3,mask1,mask3,mask1,mask5,mask5,25,1,shape6,0,90,0,1,0,15,18,15,shape4,0,90,0,1,0,11,12,16,shape16,0,90,1,0,0,19,18,14
84,1,0,0,3,mask3,mask3,mask3,mask2,mask4,25,1,shape17,0,90,1,0,0,17,16,18,shape4,0,90,0,1,0,14,13,13,shape11,0,90,0,1,0,17,15,12
84,2,0,0,3,mask5,mask4,mask5,mask1,mask4,25,1,shape5,0,90,0,1,0,10,12,11,shape14,0,90,1,0,0,10,17,13,shape13,0,90,0,1,0,10,14,14
84,3,0,0,3,mask5,mask5,mask2,mask2,mask3,25,1,shape5,0,90,0,1,0,14,18,19,shape13,0,90,0,1,0,10,19,17,shape13,0,90,1,0,0,16,16,14
85,1,0,0,3,mask2,mask5,mask1,mask3,mask5,25,1,shape12,0,90,0,1,0,11,15,15,shape6,0,90,1,0,0,15,18,15,shape18,0,90,0,1,0,10,19,13
85,2,0,0,3,mask5,mask2,mask1,mask4,mask1,25,1,shape8,0,90,0,1,0,13,13,12,shape12,0,90,1,0,0,16,18,10,shape6,0,90,0,1,0,15,13,19
85,3,0,0,3,mask3,mask2,mask5,mask5,mask5,25,1,shape7,0,90,0,1,0,19,10,10,shape8,0,90,0,1,0,13,10,16,shape4,0,90,1,0,0,18,19,15
86,1,0,0,3,mask4,mask2,mask1,mask1,mask5,25,1,shape1,0,90,1,0,0,11,19,13,shape15,0,90,0,1,0,17,15,13,shape9,0,90,0,1,0,19,10,16
86,2,0,0,3,mask2,mask5,mask5,mask1,mask2,25,1,shape5,0,90,0,1,0,18,12,14,shape3,0,90,1,0,0,19,10,14,shape9,0,90,0,1,0,16,15,18
86,3,0,0,3,mask4,mask1,mask2,mask4,mask2,25,1,shape6,0,90,0,1,0,19,10,16,shape13,0,90,0,1,0,16,16,11,shape18,0,90,1,0,0,10,14,15
87,1,0,0,3,mask3,mask2,mask3,mask5,mask4,25,1,shape16,0,90,1,0,0,15,12,13,shape8,0,90,0,1,0,17,19,19,shape3,0,90,0,1,0,11,17,18
87,2,0,0,3,mask4,mask1,mask5,mask4,mask4,25,1,shape2,0,90,0,1,0,13,13,10,shape16,0,90,0,1,0,15,17,14,shape14,0,90,1,0,0,10,10,11
87,3,0,0,3,mask2,mask2,mask3,mask2,mask2,25,1,shape9,0,90,1,0,0,15,19,16,shape16,0,90,0,1,0,11,11,12,shape9,0,90,0,1,0,19,10,16
88,1,0,0,3,mask3,mask1,mask3,mask2,mask2,25,1,shape14,0,90,1,0,0,14,10,16,shape2,0,90,0,1,0,15,10,19,shape9,0,90,0,1,0,12,19,13
88,2,0,0,3,mask4,mask5,mask5,mask5,mask2,25,1,shape1,0,90,0,1,0,19,13,17,shape12,0,90,1,0,0,14,10,18,shape8,0,90,0,1,0,14,11,10
88,3,0,0,3,mask1,mask5,mask4,mask3,mask1,25,1,shape18,0,90,0,1,0,19,12,11,shape3,0,90,1,0,0,14,19,14,shape15,0,90,0,1,0,19,10,11
89,1,0,0,3,mask2,mask3,mask4,mask5,mask3,25,1,shape1,0,90,0,1,0,13,18,16,shape17,0,90,0,1,0,18,18,15,shape3,0,90,1,0,0,11,12,11
89,2,0,0,3,mask5,mask1,mask3,mask3,mask4,25,1,shape5,0,90,1,0,0,12,16,19,shape12,0,90,0,1,0,18,13,12,shape10,0,90,0,1,0,12,13,11
89,3,0,0,3,mask3,mask5,mask3,mask2,mask5,25,1,shape15,0,90,0,1,0,13,16,16,shape8,0,90,0,1,0,15,10,13,shape3,0,90,1,0,0,19,18,13
90,1,0,0,3,mask4,mask2,mask4,mask1,mask3,25,1,shape15,0,90,1,0,0,17,10,17,shape10,0,90,0,1,0,15,17,14,shape2,0,90,0,1,0,13,16,19
90,2,0,0,3,mask4,mask3,mask2,mask3,mask2,25,1,shape1,0,90,0,1,0,10,12,18,shape5,0,90,1,0,0,18,14,16,shape8,0,90,0,1,0,11,10,18
90,3,0,0,3,mask3,mask2,mask2,mask1,mask1,25,1,shape3,0,90,0,1,0,15,10,13,shape9,0,90,0,1,0,13,11,19,shape3,0,90,1,0,0,11,19,12
91,1,0,0,3,mask5,mask3,mask4,mask4,mask3,25,1,shape15,0,90,0,1,0,16,16,19,shape4,0,90,1,0,0,19,19,11,shape5,0,90,0,1,0,14,11,18
91,2,0,0,3,mask3,mask5,mask4,mask2,mask5,25,1,shape3,0,90,1,0,0,15,10,12,shape6,0,90,0,1,0,12,13,19,shape11,0,90,0,1,0,10,17,15
91,3,0,0,3,mask5,mask1,mask5,mask1,mask2,25,1,shape13,0,90,1,0,0,19,11,15,shape5,0,90,0,1,0,19,16,19,shape7,0,90,0,1,0,13,15,16
92,1,0,0,3,mask4,mask2,mask5,mask3,mask2,25,1,shape14,0,90,0,1,0,15,14,12,shape10,0,90,0,1,0,13,12,15,shape3,0,90,1,0,0,12,13,10
92,2,0,0,3,mask2,mask4,mask4,mask3,mask4,25,1,shape18,0,90,1,0,0,15,14,10,shape1,0,90,0,1,0,15,10,15,shape9,0,90,0,1,0,19,10,19
92,3,0,0,3,mask1,mask2,mask1,mask4,mask1,25,1,shape12,0,90,0,1,0,17,14,16,shape8,0,90,0,1,0,15,16,13,shape9,0,90,1,0,0,19,16,16
93,1,0,0,3,mask2,mask3,mask3,mask3,mask2,25,1,shape18,0,90,0,1,0,19,14,15,shape11,0,90,1,0,0,12,14,11,shape1,0,90,0,1,0,17,11,11
93,2,0,0,3,mask4,mask5,mask3,mask1,mask1,25,1,shape14,0,90,0,1,0,14,17,18,shape16,0,90,0,1,0,19,13,12,shape15,0,90,1,0,0,16,18,19
93,3,0,0,3,mask3,mask3,mask3,mask1,mask4,25,1,shape8,0,90,1,0,0,17,11,19,shape12,0,90,0,1,0,10,19,11,shape5,0,90,0,1,0,11,13,10
94,1,0,0,3,mask3,mask5,mask1,mask1,mask4,25,1,shape6,0,90,0,1,0,13,14,17,shape3,0,90,0,1,0,11,17,15,shape17,0,90,1,0,0,11,19,16
94,2,0,0,3,mask3,mask2,mask4,mask1,mask5,25,1,shape6,0,90,0,1,0,18,18,14,shape1,0,90,1,0,0,11,12,17,shape14,0,90,0,1,0,19,17,18
94,3,0,0,3,mask1,mask3,mask2,mask5,mask4,25,1,shape7,0,90,0,1,0,13,16,16,shape16,0,90,0,1,0,18,14,12,shape3,0,90,1,0,0,17,19,12
95,1,0,0,3,mask1,mask1,mask3,mask4,mask2,25,1,shape11,0,90,0,1,0,16,10,16,shape6,0,90,0,1,0,17,14,18,shape14,0,90,1,0,0,15,14,14
95,2,0,0,3,mask3,mask3,mask1,mask2,mask5,25,1,shape9,0,90,0,1,0,17,17,16,shape5,0,90,0,1,0,13,12,12,shape13,0,90,1,0,0,17,16,16
95,3,0,0,3,mask3,mask3,mask1,mask3,mask2,25,1,shape6,0,90,0,1,0,18,19,19,shape5,0,90,1,0,0,19,15,11,shape9,0,90,0,1,0,19,12,19
96,1,0,0,3,mask2,mask3,mask3,mask4,mask4,25,1,shape8,0,90,0,1,0,12,19,15,shape7,0,90,1,0,0,10,13,17,shape3,0,90,0,1,0,18,15,10
96,2,0,0,3,mask1,mask5,mask2,mask1,mask1,25,1,shape3,0,90,0,1,0,16,15,16,shape10,0,90,0,1,0,11,17,11,shape5,0,90,1,0,0,16,10,18
96,3,0,0,3,mask1,mask5,mask2,mask4,mask4,25,1,shape15,0,90,0,1,0,13,12,12,shape5,0,90,0,1,0,16,17,19,shape5,0,90,1,0,0,18,18,14
97,1,0,0,3,mask4,mask2,mask4,mask1,mask3,25,1,shape17,0,90,1,0,0,18,16,12,shape17,0,90,0,1,0,19,16,15,shape14,0,90,0,1,0,19,11,11
97,2,0,0,3,mask1,mask4,mask2,mask5,mask1,25,1,shape12,0,90,1,0,0,17,10,16,shape2,0,90,0,1,0,16,15,18,shape18,0,90,0,1,0,14,14,19
97,3,0,0,3,mask3,mask2,mask1,mask2,mask1,25,1,shape9,0,90,0,1,0,15,12,10,shape7,0,90,1,0,0,18,13,12,shape5,0,90,0,1,0,18,13,19
98,1,0,0,3,mask2,mask2,mask4,mask5,mask2,25,1,shape1,0,90,0,1,0,19,12,17,shape18,0,90,0,1,0,18,15,13,shape12,0,90,1,0,0,11,17,15
98,2,0,0,3,mask2,mask2,mask1,mask3,mask4,25,1,shape18,0,90,0,1,0,19,14,14,shape1,0,90,0,1,0,13,14,15,shape12,0,90,1,0,0,18,19,17
98,3,0,0,3,mask4,mask3,mask4,mask5,mask1,25,1,shape17,0,90,0,1,0,13,16,10,shape11,0,90,0,1,0,14,15,18,shape8,0,90,1,0,0,15,11,18
99,1,0,0,3,mask2,mask4,mask5,mask5,mask4,25,1,shape11,0,90,1,0,0,18,11,15,shape15,0,90,0,1,0,12,13,17,shape15,0,90,0,1,0,18,16,19
99,2,0,0,3,mask1,mask5,mask5,mask3,mask1,25,1,shape13,0,90,0,1,0,15,13,19,shape5,0,90,1,0,0,14,14,12,shape18,0,90,0,1,0,15,15,17
99,3,0,0,3,mask2,mask5,mask2,mask5,mask2,25,1,shape3,0,90,0,1,0,15,10,11,shape14,0,90,0,1,0,11,17,15,shape13,0,90,1,0,0,15,16,19
100,1,0,0,3,mask5,mask4,mask3,mask5,mask125,,1,shape4,0,90,0,1,0,14,11,17,shape9,0,90,0,1,0,11,13,17,shape16,0,90,1,0,0,18,18,10
100,2,0,0,3,mask5,mask5,mask4,mask3,mask525,,1,shape1,0,90,0,1,0,18,16,13,shape5,0,90,0,1,0,14,13,11,shape3,0,90,1,0,0,14,13,11
100,3,0,0,3,mask1,mask3,mask5,mask2,mask525,,1,shape8,0,90,1,0,0,16,17,10,shape6,0,90,0,1,0,11,11,13,shape9,0,90,0,1,0,19,13,1725,